000066
001221
001253
001026
002612
000368
001141
000864
000419
000052
001452
001209
000560
000084
002454
002951
001354
002088
000574
001286
000890
000672
002354
000285
000392
000159
000237
002582
001824
000848
000708
001214
002974
001341
001389
001358
001822
001081
001821
001728
002027
002634
000598
001756
001278
002877
001749
002796
001531
001965
002374
001777
002154
002554
001171
000685
000169
001375
001654
001801
000796
001404
001102
000509
001991
000727
000119
000398
000980
000161
002874
000433
000578
000127
002058
000760
001692
002824
001194
002521
001980
001818
002209
001934
001009
002967
002736
001050
000405
002512
002497
002834
001543
001743
001899
002420
000826
001417
001864
002132
001178
002534
001107
001174
001198
000532
002727
002487
001458
002476
002826
001046
000813
001283
000580
001951
002761
002388
001591
002370
002068
001119
000361
002293
001023
002395
000031
001497
002416
001460
001586
001400
001678
000853
002448
001659
001706
002473
001768
001180
000938
001594
000606
002925
000033
002214
000426
002401
001584
000502
000614
002538
001222
000521
000869
000637
002850
002923
001393
001115
001414
000153
001383
000102
002647
000336
001648
001848
002921
001151
000202
001043
001515
000520
002150
000289
000775
001773
002600
002525
001374
002837
001746
001530
000243
000208
001337
002372
002207
000294
001373
002871
002417
000217
000181
000182
000541
002278
001710
000465
001085
001645
000395
002272
000228
000902
002956
002569
002845
002449
002797
000338
002120
000824
001344
000886
001917
000833
000679
002294
002369
001342
002327
000765
002916
001938
000493
002993
000342
002757
002249
001643
001667
002774
000881
002061
000608
001661
000526
001926
002654
000191
000369
002104
002692
000870
001021
000157
002033
001265
000730
000982
000007
001744
000528
000565
001589
000460
001199
000749
002769
000274
001517
002437
000504
000211
000987
002056
002241
002732
001004
000671
001384
001155
000220
002738
001276
002082
001922
000351
001823
000719
002398
002955
000937
002568
000743
000916
001352
001708
001560
001316
000103
001019
001964
000802
002277
000725
000710
001250
001494
001325
000291
000276
000003
001090
000212
001576
000631
001804
000754
001725
002199
001045
000226
002643
001902
002281
001986
002085
000404
000468
001885
002387
000483
002365
001409
002377
002719
000273
000542
002217
002439
002830
002909
001884
001461
001088
001498
001614
001693
000619
001326
001956
000282
001763
000452
000400
001126
000233
000039
002124
001913
002699
002751
002355
001871
002020
002442
000972
000142
001888
002784
001779
002889
000996
000767
002220
002903
000836
000799
001715
001501
002657
001569
001382
002146
001540
002843
002816
002289
001357
001522
000167
001473
000373
002427
001424
000686
001163
002084
001670
001769
001775
002815
000514
002169
002644
000275
002291
001955
001724
000896
000750
001230
001247
000518
001061
001451
002620
000266
000689
002770
001525
000942
001203
000247
002380
000005
000418
000444
000699
001976
002873
000463
001641
001238
002580
000831
000087
002822
000692
000227
001968
001478
001726
002465
001483
001872
001256
001793
000481
002641
000209
000085
000133
000995
002934
002840
000706
002405
002031
000352
002983
000537
000480
000863
000197
001809
001073
000645
000804
000936
000782
000065
001323
000602
002397
000214
002139
002606
000527
002737
002817
002559
000293
001807
000873
001070
001084
002563
002988
001815
000543
000489
002205
000229
001684
001787
000479
002182
000663
002748
001567
002734
000475
002928
000213
000054
000723
000122
002076
001758
002077
001997
000006
002560
001135
002514
001859
001633
002184
002543
001111
000238
000319
002773
001024
001006
000970
002117
002014
001838
002698
000665
001418
002915
001477
002050
000441
000776
002838
001875
002531
000575
000186
000694
000966
001309
000555
002494
001118
001909
001481
001305
001846
001377
002659
000538
000263
001003
000753
002236
000349
001958
000155
001355
002989
002669
001742
001372
001806
001489
002565
001983
000908
002257
002523
000250
002670
002159
000494
001187
000425
002288
002979
000109
001020
002776
002870
000371
000724
001842
000752
002954
002250
001313
002341
000318
002345
000239
001190
002316
001454
002353
000510
001587
001592
001570
001624
001415
001800
002300
001184
002179
001379
001321
001356
002558
000586
000609
000531
000830
002402
002771
001096
002131
000650
001120
000551
002799
002964
000702
000625
002818
000264
000791
001833
002937
000915
002941
002655
000139
001290
002542
001360
001165
000643
000252
000484
001950
002330
000498
001919
000114
000014
002447
002636
001044
002446
000163
000058
000530
001087
002788
001609
000666
002140
002651
002218
001201
002005
000618
002668
001361
001015
001443
000832
002386
001660
001381
000905
002378
002621
002346
002959
001438
001117
000554
002422
000707
002653
000800
000458
000967
000145
001740
001226
001937
000922
002219
000503
002264
002425
002136
001335
002458
002935
001887
001941
000482
000120
001874
000979
002763
002539
002329
001652
002846
002262
000355
001788
000808
002904
000088
001263
000599
001754
000129
000072
002686
001765
001573
001442
002716
002948
000050
000104
002900
000178
001215
002279
002662
000825
000695
002986
000334
000135
002392
001559
002040
001982
001240
002268
002269
000954
000837
001385
000639
000068
001486
001551
002675
001604
001048
001329
002488
001314
001550
002872
002295
000097
000664
002537
002457
002203
002045
001524
001427
000477
000884
002461
002571
002413
001969
000717
002071
001420
000803
001889
000820
000073
000464
000947
002760
002960
001307
001092
002506
000759
001496
000787
002624
001829
001425
001685
001944
002431
001702
002587
002795
000410
002616
002632
001012
002337
001862
000171
001495
001717
002893
001403
001891
002304
001828
002193
001817
000714
001492
001467
000313
001734
002880
000566
001336
002779
001031
000770
002588
001896
001745
000517
000040
000903
001022
001690
000241
000790
000985
001317
002729
002049
000344
001781
001370
000279
000375
002125
000795
001249
001996
000999
000647
002225
002035
001533
002931
000636
000680
002315
001741
001493
000037
001539
001563
000389
002503
001275
000408
001362
001520
002842
001251
000095
001960
000674
000074
002326
000004
000597
002298
001000
001504
000613
002682
001882
000716
002868
002895
001729
001906
000451
002990
002578
000934
001016
002026
000871
000147
001529
002987
002722
002977
000960
001547
002754
001930
002627
002143
002210
000192
002192
002603
001499
000562
002063
000891
002752
002452
002366
002920
001490
002176
000998
001704
002480
002393
001927
001387
002183
001918
000582
002896
000099
000034
002121
002224
002245
002287
000134
002275
001647
002083
000396
001735
000655
001164
001565
000429
001606
000976
001444
000667
000568
002211
001234
000584
002311
002206
002472
000508
002731
001578
002090
002164
001863
002966
000090
000691
002970
000380
002585
000755
001134
000386
000953
000466
002800
001650
002053
001485
001714
000258
001981
001585
002997
000556
000622
000143
000868
000992
001340
000487
000963
002028
000969
001162
000701
002391
002890
001315
000002
000140
002235
001217
002551
001156
002070
000246
001193
000989
001786
001527
001121
000688
000491
000839
000012
000709
000763
002965
000223
001075
001767
001401
001992
002703
002919
000165
001152
000092
001423
002306
000080
000649
000860
001077
002340
001143
001764
001285
002707
001978
001366
002836
002929
000780
002810
000610
002813
002213
001588
001106
000254
000403
002190
001434
002623
002945
001233
001446
002984
001333
000187
000668
002481
000941
002595
000887
000931
000777
000893
002505
002546
002673
001914
000768
002847
001990
002619
002073
001510
000944
002196
002022
002562
000705
000259
002030
002869
000906
000603
002938
002510
000027
001611
000684
000792
001784
002660
001282
000439
001780
001066
001989
002743
000783
000136
002689
000026
000732
000904
001412
002536
000048
000858
002396
000894
000677
001601
002745
000204
002746
001662
002861
002324
002122
001378
001855
002060
000744
002593
000471
000682
002828
002545
000921
000620
001747
001928
001548
001535
001371
001963
001394
001300
002051
000675
000852
002864
002973
002702
000401
000910
000224
000901
002247
000652
002018
002658
002239
001834
002892
001966
000417
001949
002383
001683
001343
001303
000734
000328
001649
000232
002390
001577
000513
001080
000546
001698
000350
001219
000488
001679
002216
000374
000362
001597
002858
002468
000981
000047
001971
001280
002803
001881
000421
002072
002676
002242
001100
001279
002091
000807
002899
000009
000497
001065
002515
001284
001170
000816
002765
000261
000880
002500
001407
002007
002549
001571
000581
000231
002253
001802
000993
001803
002586
000044
000448
000431
002819
000876
002108
002741
002410
001437
001866
001110
001405
002853
002455
002194
001556
002351
000486
000549
002435
001512
002933
002742
000771
000798
000965
001893
001140
000379
001465
000641
001063
001826
002950
000540
002415
001175
000605
001552
002520
002282
000579
001205
002781
002681
000235
002297
002267
001064
001397
001289
002260
002755
002650
002718
000190
002160
001677
000756
000341
001895
000038
000316
001632
002444
001419
000449
001837
000822
000253
000407
001459
002477
000600
001196
001453
002171
001369
001218
000696
002254
001993
001799
002599
000623
001691
002301
001718
001168
001688
000292
000284
002541
000612
000359
002499
001399
002129
001666
002226
001231
002697
000219
000057
001810
001655
001430
002142
002713
000364
001785
000913
000986
001841
001911
001719
000045
002307
001731
000440
000920
000736
002882
000064
001595
002793
001516
001294
000536
000148
001620
001036
001262
002678
001709
001979
000267
002336
001197
002046
002285
000436
002044
001712
000548
002944
000805
000473
000107
001252
002096
000194
002762
000199
001843
000601
000203
002375
000633
000624
000193
001028
002493
001296
001301
002648
000748
001732
002274
001792
000590
000230
000569
000001
000450
002825
001157
000397
000994
002996
001258
001144
002115
001421
000774
001630
002801
002107
002189
000951
002942
000215
000309
001067
000810
001267
002394
002504
001663
002767
001055
000427
002856
002724
002102
002418
002844
000454
002700
002034
001439
000592
001177
001298
000589
001671
000595
001812
000117
001129
000205
002141
001910
000912
001599
001158
001755
002596
002550
002883
002787
000627
000354
002248
002065
002829
001133
002066
001716
000935
000301
002229
002100
002270
000332
002212
000372
001886
000739
001017
001508
000840
001627
002414
002198
002419
002577
000428
002233
002358
001462
002608
000310
001564
001136
000327
000210
000206
002898
001869
000200
000975
000958
001051
000164
001293
000051
002914
002052
000855
002042
001653
000859
001757
000862
001903
002790
001270
001236
002958
000283
001123
001109
002128
002711
002704
001287
000365
001223
002038
000955
002319
002604
002715
002902
000013
000476
002126
001711
001629
000063
000077
001669
002855
001857
001905
000118
000010
001795
000406
001327
002805
002831
001845
001770
002645
001621
001206
002123
000024
002429
000653
001363
001248
002498
001608
002021
002443
000703
001255
000757
002149
001506
000388
000591
001185
000926
000154
002994
000522
002721
002009
002777
002175
001049
000367
000478
002456
000442
000657
000929
002949
002208
001047
000323
001149
000025
001605
001260
000681
001558
002412
000588
000358
000221
000149
001179
000144
000078
001079
002325
000131
002482
001010
000525
002625
002594
000544
000330
001030
000461
002280
002459
001228
000412
000635
002674
002453
000141
000564
001760
001166
001472
002161
000296
002232
000949
000811
000409
002484
001566
000711
000415
002768
000866
002841
001931
002656
000022
002579
000042
000997
001227
001700
000740
001145
001737
000286
000046
000900
000470
000572
000049
002926
000570
002614
002408
001491
002284
001509
001392
001617
000918
001658
001973
000257
001476
001060
000500
002696
001985
001923
000704
001322
002679
002024
002153
002445
000834
000128
002343
002359
002238
002544
000654
001636
002148
002462
000846
002222
000766
001431
001836
001338
002167
001808
000185
001455
001720
002932
000020
000175
002227
000225
002789
000331
001173
002180
002344
002424
002519
002922
000660
002528
002976
002335
002685
001268
001220
000384
002733
002490
002980
002910
000151
000615
001668
000505
001104
002759
001876
002466
000030
002946
001945
002187
000882
002385
000423
000728
000735
002310
000176
002173
001830
000559
001575
002312
000529
000669
001469
002041
002617
001076
002400
001776
001883
000596
001835
001689
002839
000055
001204
002747
000312
000794
001488
000962
002695
002854
002823
001232
000764
001082
002347
000455
001616
000713
000950
002195
002664
000861
000249
001027
002570
002782
001513
002432
000146
002151
